1000
9008 4759 4326
3532 7844 7732
1470 4209 1736
6831 6146 8238
3727 8268 1612
5956 3922 1790
1459 1359 7611
459 9233 6350
8758 7292 9102
2751 7379 6937
8275 5350 2392
6722 5299 7390
4984 5029 9954
7812 4276 8528
352 4146 2255
7901 2293 5628
6286 2472 9823
6452 3877 7498
4500 6862 4707
7763 8045 7331
1696 1306 733
5562 4481 9836
1989 5629 940
312 438 6388
5380 241 3240
9247 5860 1396
9550 599 5719
6152 6107 3982
7288 2207 1290
737 6802 84
4872 2244 9792
888 4407 1067
9062 3504 6913
7247 7582 4014
777 7310 6016
3561 6794 8310
1381 7789 8083
513 6625 5986
154 1443 4540
8632 1978 5451
6530 8649 4040
8281 9572 9706
3591 4867 9085
1087 5398 5808
111 3849 9520
7821 7 5380
2301 6150 9485
336 4799 4297
6522 5566 5432
6851 8153 5099
6322 5320 1842
5821 8340 664
8310 115 5869
3856 3064 6620
9209 961 2383
3933 3775 1091
5512 5350 5536
7326 3496 170
5431 3464 5601
2478 8869 5429
8182 2925 4939
5816 5458 3310
8806 5449 1370
3999 3678 9482
7215 1038 7617
2902 5776 3429
6098 6493 6298
6045 1671 3843
298 5464 3800
2019 8174 2998
6299 7417 6453
7008 405 9647
7054 7200 2248
1405 7557 9436
2424 266 696
3076 2583 6263
3936 7533 1998
7613 6647 1705
4733 7645 8673
2098 1971 2098
3589 3509 9002
5200 4551 4637
3048 6401 9055
8499 9110 2506
5488 5356 4905
7038 1287 5486
5538 6683 4980
6334 8027 8003
1707 5204 9118
3164 6315 6041
9657 1454 2384
8157 3504 482
3773 2388 6368
1972 8224 6225
5089 6065 3796
2187 909 5132
1221 5549 8204
7557 1830 2802
9368 2273 3871
700 7377 4760
8893 484 1353
6152 7820 3785
9927 6054 4643
7035 239 9516
1005 3522 7208
3679 1954 4943
3095 5256 9402
5749 2995 7671
6889 8797 6330
4490 5442 2778
5538 4798 6836
9811 7363 8734
5117 7179 9337
537 2684 5586
6395 8237 5541
7220 3727 7873
8655 1935 3226
702 9729 6739
9601 9235 9258
8276 4058 3942
7803 4126 1828
9609 8810 2842
927 3661 9724
9081 3470 1365
6166 2757 7053
5178 5703 4640
2803 3518 7539
5462 3359 3052
8876 2532 8437
4594 4461 9068
9625 5283 9778
9788 6633 3982
2949 6346 7520
9067 527 3041
8967 2538 8327
6720 7035 5402
8833 8825 7694
8702 4795 2152
7939 5836 1587
355 4274 849
4192 554 2050
741 1091 9638
1368 780 4533
9620 679 1083
8436 686 5922
385 9139 6709
1606 9898 4958
3573 5436 5488
7580 4187 6542
7928 6987 8856
2500 8542 5648
3660 8529 3901
2894 4098 4988
4476 8263 9136
2056 4927 1604
3573 2439 1106
6663 3128 7945
8305 3890 1087
7634 3651 7402
2075 6314 6455
7728 2924 9786
7540 697 1058
6498 4556 7246
3958 8856 8702
8271 1524 9164
2362 1565 6584
5844 4220 3239
4215 2182 5844
5503 4746 1353
2659 1016 1683
2540 4156 2357
9056 8054 5287
525 2671 7426
8625 5514 2714
4706 8142 2300
3175 4036 3846
2601 7163 176
9833 4013 6035
7468 7523 6986
8929 2503 1256
4727 9274 7324
6656 2445 9260
7264 8558 3533
2087 9265 7415
4593 2681 7738
5606 9121 695
8036 5065 6589
9448 3566 8901
1302 4116 7127
4075 9825 7292
1480 74 6164
6037 176 3160
308 2443 2480
4215 3591 6029
9025 4536 5963
1169 4009 3694
1205 3626 7380
6198 6034 4263
831 9119 3643
6945 2951 6869
6128 9502 82
8698 1003 6721
2608 9019 4705
1558 3803 5492
2890 743 1050
8503 5380 3994
755 9157 1141
7271 572 9034
7141 9998 567
5407 1438 1359
3570 5389 7773
7237 4662 8991
4011 7063 5226
3187 9256 6790
7770 6225 1639
8509 8335 5797
8089 2253 6571
2603 4235 8006
5347 7153 2393
4550 7701 5458
6387 9112 3275
1822 3970 5462
9586 6784 8505
8121 2727 4313
7133 4561 950
8753 2864 9149
7465 3217 4454
2104 4006 8937
1142 4556 7006
5089 3038 3716
8485 478 7664
961 2878 6367
3794 8277 527
7459 17 1580
1928 6986 2135
1525 3614 1963
7094 2830 3797
5218 953 7300
2537 3565 3461
9539 244 9093
3494 6814 2217
5543 9373 3388
26 2696 3347
3829 9058 3239
1173 6730 1652
332 6578 6665
5226 7565 4472
8953 6139 3327
7048 7169 9858
8946 7905 4751
8985 8028 2420
530 3960 1836
8184 6962 7404
6169 3841 792
5889 1286 5841
7063 7092 8640
8651 5774 1829
8127 5682 3226
6660 8848 6291
5153 2362 3229
6460 8282 1607
3775 8186 6073
1617 1732 3185
1603 9661 6613
813 6157 9345
9992 1855 7046
5169 5094 9347
8930 4520 2636
3848 750 7204
1916 4300 2815
4173 164 4852
8406 1482 7389
8090 1563 3623
5654 4679 3303
7294 3993 6094
6664 5455 5127
3287 362 8626
8224 4842 3422
6275 9755 7308
7990 2524 8200
2823 5041 757
5889 1704 6438
73 9678 66
5260 3060 8376
4533 2559 9671
1311 662 3815
6992 6965 4947
1381 2162 9660
2706 3233 4479
4946 4391 2626
374 5011 6200
3202 7723 2384
7752 1301 3602
9261 3990 7959
3490 2227 4425
6848 8519 3489
5081 5537 639
5910 4937 268
513 173 1864
8238 109 2846
3314 8344 2381
6349 6846 4258
9840 3320 7490
979 4184 3574
4551 3727 2149
4336 7504 8965
5322 7447 6398
7077 6392 1312
5798 6635 3623
4698 8207 1137
756 6518 1016
8049 4833 6954
404 1348 4249
8395 7641 9739
9952 629 9329
288 2906 8063
2790 7929 9809
381 5869 1279
6116 3940 3968
7483 6330 2859
8834 5886 7644
8398 6 6199
6897 8194 7134
4897 9845 8448
3403 7319 8927
8774 1925 9858
4715 6570 1353
2755 7768 867
3790 4818 1948
5015 580 1314
4565 4534 4280
4103 733 1567
6280 9185 9167
1507 8945 4447
2378 3314 581
8522 3695 7657
8330 3214 366
6031 9998 60
2947 5299 1128
2777 8535 1604
4147 4817 5594
1284 8283 44
48 7272 8008
6851 4261 4053
1130 2539 5727
4029 830 8168
4481 3006 8955
912 4790 3675
5880 1118 6115
7168 9158 3556
4205 6939 6830
2305 6436 95
9453 369 7378
621 5678 9526
5172 6360 1170
3436 4949 5042
423 3680 7919
1955 4972 598
2124 5322 2333
9994 2919 1578
3723 7974 9853
3502 7764 7123
7806 8057 8823
6902 6215 8374
994 4639 4492
3727 9882 5172
9216 7343 7665
246 61 8815
154 4678 3203
8874 3928 5705
9761 8949 8524
3844 5174 7762
8194 6746 687
3450 4392 2381
7342 9498 7171
1001 1509 2252
9997 9145 8787
4292 4011 9436
5330 1049 3277
3281 2340 7061
9438 9815 4590
6358 7384 2047
9009 3965 2846
699 8962 6564
9052 9276 2867
3356 4165 6357
4390 6010 8739
6896 655 9350
9267 4020 8530
2592 1799 6148
8456 489 6223
8715 6992 3821
3201 5629 5495
1028 8123 6473
6252 2964 7102
231 852 9265
3127 8502 6780
2547 9043 1091
6892 8681 6609
3282 7587 1677
2333 1042 4463
4089 2880 293
833 6626 7633
8022 1617 2744
3636 7345 1194
3763 6295 2010
9584 1558 8486
8929 1341 5674
8384 6961 3847
9121 4599 397
8369 7848 8711
1841 5082 7581
4389 5406 9055
1237 5325 5050
4558 3585 9322
1291 4081 4662
6597 3765 454
7866 3152 8539
7136 6934 209
6572 2325 9254
5639 1392 9596
1423 5904 9034
5094 9992 7947
1386 9588 3809
4037 3853 4400
6480 8036 4542
8364 2128 1546
7514 7239 1246
6873 9068 1115
3951 8243 9344
6342 8189 2780
9749 943 6822
8023 6921 9757
1311 9429 3980
4336 7758 817
9015 6444 4566
7672 1685 6578
6975 4431 6520
512 966 976
8975 4137 5528
3083 3921 2011
4518 8859 1418
4189 9026 7542
377 3669 4087
9910 485 8491
3247 6635 3691
9211 5724 7251
5480 3159 3805
9832 7299 3174
5276 3859 1461
543 6316 8563
4958 4325 9374
3038 4397 5730
1089 2233 7289
1429 3750 7895
7532 129 1398
9907 2522 5555
7423 5065 668
5331 4084 1840
9649 2728 7123
9770 8205 6888
1281 9453 6331
3417 8525 2622
9452 8569 3648
2708 3704 1862
408 5241 8940
6812 6095 6983
1708 1492 4685
6717 8249 1995
4126 5460 8901
4292 9333 1901
3803 102 2137
6584 4712 7682
4104 9965 4202
2538 9844 5005
1742 9988 3919
1368 7038 2189
7147 1358 1131
3961 3522 8407
7008 5678 3829
1398 7911 4220
7458 6897 618
3508 4374 3434
7700 2734 6105
7617 9054 8540
4298 5819 4035
8460 5114 9136
4143 1872 6461
2924 5247 4596
7060 3336 4017
8707 3455 3707
1772 7905 7872
5075 6529 2940
3476 9971 6974
1485 5356 2591
523 1059 923
2743 4007 8969
6514 4789 9834
6724 1500 2436
7584 5720 5225
7887 885 7633
459 6315 9955
627 6454 4351
7631 6270 1223
3299 967 1086
5261 5922 7644
209 5884 4045
4166 2390 7184
1700 2159 7722
9253 1950 168
7402 5236 8152
5895 1158 1851
8124 6885 7291
6648 8068 9656
5308 1995 6600
8056 8449 1786
6897 7664 941
2427 5651 2616
4961 8507 267
1921 6209 4951
7247 2338 7750
3576 1463 7057
3336 2246 5648
3602 70 8484
6000 9688 1514
760 7466 1994
4955 6760 5360
555 589 4320
9263 3240 2081
3471 2072 3548
9846 2826 2142
2614 579 8989
6999 8683 8342
466 1120 9661
8997 4850 2703
8236 2539 2807
2890 7029 3668
1773 6013 7053
8588 9984 9779
5720 1383 5107
7543 3807 3991
2949 1764 6916
8733 9464 9961
2170 9162 8223
4202 2266 2106
7098 2307 6000
1671 8636 2547
4084 9824 6280
1003 6605 9989
7250 809 367
3236 7973 5683
4106 794 5954
605 4231 3537
6419 8933 853
4186 6670 9805
4789 2104 1222
9621 1119 8467
370 5068 2703
8366 2678 8510
4378 3402 4242
277 1258 4723
2583 3697 7065
1086 4591 9300
7412 978 5147
3548 4865 476
4164 4076 9302
4232 5398 3163
2977 110 566
8753 5238 1779
9812 8753 8619
7974 1406 7638
9643 8454 5881
7686 6439 5043
3663 2473 7018
7711 484 5914
8888 2302 6760
1222 9770 1921
4585 9342 4554
4659 569 3997
1194 96 1406
6854 6077 4049
9980 5883 3201
4430 700 1324
498 4148 9783
5592 7092 5414
828 1887 6176
3042 2616 4817
400 7609 4196
2251 4556 7711
6415 431 1300
4502 9424 5064
3074 6857 2341
2164 7681 7490
7978 1329 4787
7902 8441 7063
7251 813 7646
5643 9443 3487
8830 6635 966
9417 6730 3730
7436 5299 8791
9383 992 2784
3564 8855 3199
5555 5442 7440
5968 8663 5984
2303 1782 4949
4577 90 4098
9988 6326 9902
480 2256 8614
2094 1409 1940
677 8918 1180
46 6838 1689
2357 521 267
8482 352 8286
3728 8722 7607
1412 6375 6558
2430 995 8813
7087 7380 2375
7258 7199 4611
5743 9490 6540
2711 4039 743
2747 964 2358
6813 5538 6576
1760 3993 6782
2907 9107 2378
96 6305 5851
3713 1889 5641
2012 4544 8291
365 282 3495
9616 6142 6296
7882 2008 6222
8881 2283 708
1443 1791 2743
7043 9950 3359
2190 5893 3798
6324 8548 7207
9068 5476 2989
4226 4008 2570
2567 676 6916
4274 8536 9396
272 2478 5060
415 7888 3652
1942 1192 4422
9314 3554 2901
7938 7849 1413
9480 907 783
4529 1666 5743
2735 4981 904
1234 7587 1371
4062 681 7379
2834 1909 2812
2128 1376 2065
2153 1829 8573
5805 3852 5071
2060 1554 4341
6328 1120 4834
1437 1751 7849
1881 3821 2822
8668 733 1054
6806 3135 9460
3661 2895 4461
235 8188 5484
8073 2091 9460
8840 3368 3450
4688 4044 2155
6995 6522 4332
8453 6328 9681
4996 5046 5504
2988 1014 8035
694 6594 4609
7020 5458 9869
5348 940 4388
4765 1212 7568
1350 9355 3943
5200 7593 7266
1377 3491 4751
5825 9441 2424
9956 182 9515
8789 9534 7224
2419 5297 1532
7382 9682 997
8327 3189 2752
6802 5848 3679
9157 4926 6214
9797 6685 2372
9154 9347 9840
5852 7532 488
5898 6224 7192
625 9076 7728
5643 6123 1008
5486 6560 7125
7976 1106 2338
3828 5842 2608
6334 9144 8258
7241 8674 9921
473 6312 7928
4616 6441 3433
5403 2684 1599
5043 9848 7191
7107 5174 3053
4684 2347 8477
972 5852 4318
8080 8514 9541
5246 3400 9300
9821 6264 6061
5969 8164 5568
3670 9145 6920
6314 4735 7332
9594 500 7767
163 2706 7310
8148 2511 5291
5018 4167 8892
7801 5086 209
3360 918 7943
4020 8394 4178
2439 3360 7504
3813 1738 4747
6095 9619 552
3335 8383 7404
1373 3251 6687
1996 8324 5536
7517 4135 4526
3842 2169 6467
1271 9522 2718
4591 6199 7059
6077 2835 6308
4782 8179 9736
9395 346 4909
3633 979 3402
3038 8451 6565
8095 876 3465
7503 5965 9930
2115 8921 2907
2510 6248 2956
9387 7500 6136
1656 8366 4310
1915 5017 4472
8800 7744 967
5382 4240 1074
6317 9198 7256
1895 9193 1276
482 7373 7810
649 7810 790
1848 9521 2078
3731 1405 9504
4004 717 5276
1151 4024 318
665 3471 2570
3293 3560 8861
9044 2145 6218
3139 8666 8366
4590 6531 8630
9474 7142 5575
1155 3451 5084
7628 5108 4530
7435 5009 9043
9758 7867 2395
6437 1348 2316
5021 8819 301
1108 4869 8382
7250 690 2387
2159 6863 9598
1929 1959 5336
9530 1142 8169
6415 8064 1697
419 6222 2473
9393 2816 2939
8727 1645 7791
9386 3474 5683
1993 8203 8984
2201 5308 2469
8806 5674 9282
1020 4661 4434
2467 7243 3774
4791 1265 8782
942 6936 7253
9509 1755 5923
4188 2455 8022
3913 4522 4640
89 9228 5638
8841 206 8247
6786 7552 1316
1535 6308 1686
3062 5184 6194
6266 7219 214
5568 6337 6128
8525 1696 2245
5450 1254 4640
4955 1739 1553
4766 2899 104
5082 8602 7214
587 4072 1679
7764 4092 8225
9174 3401 7849
4959 5345 1570
3181 3784 2684
2529 106 3011
7776 9943 4301
692 91 5101
457 5808 431
1933 3686 2370
2096 5320 4853
4121 8846 2180
5842 7595 7760
4310 8584 1306
5827 9863 4183
3043 627 5912
4505 3130 4814
9381 5898 270
7843 7073 9714
4213 1019 399
9789 2893 9213
3454 4671 2765
1001 651 8862
5447 3464 4113
5761 4851 7540
2074 8283 4386
2449 6712 5399
7389 3185 975
9732 2935 3787
6292 7319 8739
3121 1329 1575
4105 7220 8017
7707 3522 7402
1407 6281 8584
8477 7396 3137
6776 6842 2530
5276 5758 2504
7654 7430 3248
2726 957 8698
7604 4342 767
2124 2833 1698
9014 34 5090
3733 2826 8982
6783 1167 7688
3174 7378 3360
2338 5726 9366
2723 7952 6609
2165 7615 9281
670 3175 8379
2135 4101 7115
7811 2354 5218
6085 5338 3497
673 3925 392
3909 7977 6288
356 2321 6538
4252 8202 8874
1243 9445 5999
9091 8235 907
9511 9564 8165
2503 7331 6685
3915 4108 6237
650 2169 2406
7652 3204 9027
4622 500 2960
9817 6783 6646
2843 1370 1754
9712 2649 2089
3752 9100 4973
8057 368 1734
9634 5568 3478
9124 2618 9116
9545 7688 4540
7564 3600 407
6560 5346 133
6979 4740 9598
3952 844 4117
3167 6608 8136
6647 497 9464
2952 2425 7837
5247 8227 9353
8448 9024 5943
2145 202 5953
6919 63 5262
7630 7785 6158
654 9674 8004
539 1921 3726
4433 7343 3103
3159 4579 9649
4115 6060 7499
8732 3145 8772
6621 2993 4992
4097 6193 6233
2462 2771 1790
5784 1337 9549
7646 973 3025
2492 7732 480
5831 4729 1643
1240 6513 632
389 2242 753
4364 7935 4927
7169 8324 4193
3965 409 3205
8476 298 7598
8696 3997 4909
2331 3759 8202
5942 672 9566
5414 280 9796
527 343 5123
6014 8826 8958
1439 6547 9507
6055 9802 8814
5271 5921 9962
5658 3342 9464
857 5754 8858
2486 7492 8675
1654 8629 5370
8004 1469 5708
1914 7098 5722
295 1565 6786
218 4187 4274
4603 3157 5791
6053 730 7515
2668 5449 5768
2742 8777 4715
3801 7878 2440
7454 9220 9156
613 72 9864
8455 7852 617
9040 4587 8943
4192 968 3203
9283 7094 6754
8486 8338 1927
5389 867 7176
4174 3364 3729
6731 5759 1087
1624 7230 2971
2322 6710 5023
300 8846 1083
5348 8429 961
1666 6048 6505
33 7306 2721
6470 3864 2546
8575 4 9518
7493 3286 6412
9945 2486 8450
4504 7794 2385
1172 2770 9098
9714 6597 5414
9219 263 753
1081 3570 120
282 9282 3648
6008 133 9225
6054 3494 454
8324 9734 9995
8692 8675 3690
6132 4578 6114
6474 1179 9151
3261 7234 3022
6678 6736 9264
684 7702 4067
4729 9084 2067
9865 8682 1944
5151 5510 8268
2791 1539 4526
1847 3948 8288
810 7328 8922
6120 5826 5401
3333 1876 5640
6249 7667 1979
7552 7106 3185
3157 6842 6328
6359 9192 7337
3064 6708 4976
5848 1871 5684
1486 2939 6185
3177 2293 512
6812 7716 7716
9432 5000 553
1261 257 8895
5920 2628 5693
7167 5916 8539
4761 6741 6227
7513 5762 8442
5546 993 7933
8363 2771 8362
9284 7953 7990
9372 5599 143
1973 209 936
8058 682 6590
2893 4645 7236
688 564 5979
9825 9879 4580
9302 8440 6438
487 9562 815
6355 7689 1772
5529 1993 91
2589 1375 2900
4109 2196 953
2122 9678 6373
2160 3512 1539
5616 3061 8070
2905 5399 3765
4847 8473 4310
5671 4684 6677
8781 4974 4194
9175 5251 8061
5235 9222 1083
1178 3331 9263
5908 4909 195
7053 1081 1019